Solution(variables=[50],objectives=[0.0, 0.0, 0.0, 0.0, 0.0, 0.0],constraints=[]) Solution(variables=[8982.332716546543],objectives=[0.0, 0.0, 0.0, 0.0, 0.0, 0.0],constraints=[]) 
Solution(variables=[62],objectives=[0.0, 0.0, 0.0, 0.0, 0.0, 0.0],constraints=[]) Solution(variables=[9611.979622117135],objectives=[0.0, 0.0, 0.0, 0.0, 0.0, 0.0],constraints=[]) 
