Solution(variables=[55],objectives=[0.0, 0.0, 0.0, 0.0, 0.0, 0.0],constraints=[]) Solution(variables=[5146.777599087877],objectives=[0.0, 0.0, 0.0, 0.0, 0.0, 0.0],constraints=[]) 
Solution(variables=[51],objectives=[0.0, 0.0, 0.0, 0.0, 0.0, 0.0],constraints=[]) Solution(variables=[3482.9563084589045],objectives=[0.0, 0.0, 0.0, 0.0, 0.0, 0.0],constraints=[]) 
